# Arquivo de caminho de animação
# Formato: x y z
# Total de pontos: 45
# Comprimento total: 83.3268

-12.4 0.55 -13.4667
-11.1572 0.55 -14.0862
-9.43682 0.55 -14.5497
-7.34166 0.55 -14.8616
-4.9745 0.55 -15.0263
-2.43812 0.55 -15.048
0.164666 0.55 -14.9313
2.73109 0.55 -14.6804
5.15835 0.55 -14.2998
7.34367 0.55 -13.7937
9.18425 0.55 -13.1667
10.5773 0.55 -12.423
11.6853 0.55 -11.3305
12.4937 0.55 -9.99795
13.1237 0.55 -8.41019
13.5738 0.55 -6.64192
13.8423 0.55 -4.76778
13.9278 0.55 -2.86244
13.8288 0.55 -1.00053
13.5437 0.55 0.743288
13.071 0.55 2.29437
12.4091 0.55 3.57807
11.5566 0.55 4.51973
10.2255 0.55 5.21345
8.55525 0.55 5.66026
6.53512 0.55 5.94715
4.26089 0.55 6.08082
1.82832 0.55 6.06798
-0.66677 0.55 5.91533
-3.1286 0.55 5.62958
-5.46139 0.55 5.21743
-7.56934 0.55 4.68561
-9.35666 0.55 4.0408
-10.7275 0.55 3.28972
-11.8536 0.55 2.2033
-12.7122 0.55 0.887422
-13.4172 0.55 -0.675325
-13.9601 0.55 -2.41262
-14.3325 0.55 -4.25215
-14.5257 0.55 -6.1216
-14.5313 0.55 -7.94864
-14.3406 0.55 -9.66097
-13.9453 0.55 -11.1863
-13.3367 0.55 -12.4522
-12.5063 0.55 -13.3865
